Time	Model	Meas
0	0.4987747	0.498774651048933
1	0.6088884	0.608888434669741
2	-0.377550595001132	-0.376996964114985
3	-0.684778656062091	-0.684287827492738
4	0.241072947790134	0.240139398616437
5	0.733469172875821	0.732315707216026
6	-0.0947625139675596	-0.0936762571732321
7	-0.752974556913714	-0.751050958650672
8	-0.0555591250088931	-0.0565339345569023
9	0.742470631153855	0.739744171739292
10	0.203901183033665	0.204482768904761
11	-0.70232914626346	-0.69884761795834
12	-0.344342406130464	-0.344252292496429
13	0.634104834746434	0.629997159459054
14	0.471267411566651	0.470251724388239
15	-0.540475249407594	-0.535946814581406
16	-0.579591196733261	-0.577441087304521
17	0.425135711860254	0.420458597120502
18	0.664962842319279	0.661532806728621
19	-0.292653491363035	-0.288152035774778
20	-0.723940250207708	-0.719163213883577
21	0.14828696728028	0.144319392998063
22	0.754128899233582	0.748027092483189
23	0.00222306548561846	0.00528602549857518
24	-0.754279026397004	-0.746969887383474
25	-0.152881666094732	-0.15468000297527
26	0.724337290932698	0.71603388678842
27	0.297678516402875	0.297886780332954
28	-0.665450788337346	-0.656456530721829
29	-0.430827679459675	-0.42917808647732
30	0.579923179100939	0.570620913426365
31	0.546998784222855	0.543302269162593
32	-0.471124606910079	-0.461960459593847
33	-0.641530399817028	-0.635694361081362
34	0.34335892730871	0.334821587377574
35	0.710617058656447	0.702658678556877
36	-0.201693476459106	-0.194289851666199
37	-0.751462425571335	-0.741516648890117
38	0.0517581123593033	0.0459865218881758
39	0.762392448861619	0.750713953267752
40	0.100478502633327	0.104156268765375
41	-0.742923916013398	-0.729882699514677
42	-0.248946488598653	-0.25013280866831
43	0.693785608737204	0.679856137781015
44	0.387716747464938	0.386104036224513
45	-0.616891138623575	-0.602635330536112
46	-0.511237727379791	-0.506631102331735
47	0.515264470973862	0.501309110069765
48	0.614557498030884	0.606892924345688
49	-0.392921033466312	-0.379930525200628
50	-0.69352225402584	-0.682879029385814
51	0.254709082834748	0.243354719323465
52	0.744943289844996	0.731549973250507
53	-0.106117595617588	-0.0970447246733637
54	-0.766725735170794	-0.750958918185179
55	-0.0469417055591928	-0.0531470589636721
56	0.757953854395122	0.740329506392445
57	0.198369534835602	0.201212960242161
58	-0.718929438794843	-0.700086914344013
59	-0.342122079572567	-0.341230343110964
60	0.651161685770024	0.63184084572182
61	0.472452206804665	0.467598512255328
62	-0.557308892440803	-0.538321143270755
63	-0.584139213830518	-0.575262740909478
64	0.441074213789754	0.423268595088859
65	0.672697938940609	0.65991645992725
66	-0.307059571687006	-0.291285303103409
67	-0.734558857236154	-0.718173520547932
68	0.160583477155084	0.147650598993823
69	0.767211930845657	0.747703640346697
70	-0.00746997700183302	0.00189012907551669
71	-0.769308417472532	-0.747325614531593
72	-0.146182900684301	-0.151355251981835
73	0.740716509330597	0.717054564135226
74	0.294245996584548	0.294766164808881
75	-0.682528509962173	-0.65810133117345
76	-0.430803495004423	-0.42638643104357
77	0.597019186224782	0.572824044964736
78	0.550389272725026	0.540951240036518
79	-0.487556880036175	-0.464633796957432
80	-0.648205679861062	-0.633877999428004
81	0.358470851623384	0.337858197071832
82	0.72031599672993	0.70144963884237
83	-0.214880077646316	-0.197568269303358
84	-0.763802847134011	-0.740963292703042
85	0.0624902735651057	0.0493756107627493
86	0.77688619446456	0.750838414855592
87	0.0926328120090271	0.100792072208369
88	-0.758996149439237	-0.730680000413918
89	-0.244304823920008	-0.246928072291153
90	0.71079761356236	0.681294385955687
91	0.38646933947724	0.38318694948229
92	-0.634165699228458	-0.604656996059229
93	-0.513439692210236	-0.504118348694136
94	0.532112829495035	0.503833326320402
95	0.620126425331838	0.604885013958216
96	-0.408670349722344	-0.382856323528759
97	-0.702241277959956	-0.681456278663968
98	0.268729302499863	0.246565067795965
99	0.756469529037564	0.730769292223161
100	-0.117846653799626	-0.100411209351333
101	-0.780603773379314	-0.750851534093428
102	-0.0379753534618561	-0.0497590974673523
103	0.773633732028274	0.740899714599957
104	0.192527958083959	0.197939040387344
105	-0.73578844461665	-0.701311906522489
106	-0.339643254695648	-0.338201421691841
107	0.668529085395623	0.63367162218412
108	0.473440327868162	0.464935746128665
109	-0.574492611705432	-0.540684472958387
110	-0.588560324706696	-0.573072640720343
111	0.457388415534633	0.426069944814319
112	0.680381070220281	0.658286629683207
113	-0.321852027189579	-0.294412618877677
114	-0.745202631102677	-0.717169153458742
115	0.173261639891697	0.150978788185929
116	0.78039637902775	0.747364911095928
117	-0.0175247164797387	-0.00150580596674349
118	-0.784511549014218	-0.747666072289277
119	-0.139156855579714	-0.148027408491112
120	0.757334974691452	0.718060590591054
121	0.290533725505361	0.291639526609323
122	-0.699901543507127	-0.65973268526919
123	-0.430558323370908	-0.423586063663161
124	0.61445487708138	0.575015472536558
125	0.553626447088434	0.538589158170472
126	-0.504359726908991	-0.467297640902463
127	-0.65480154197818	-0.632048686350965
128	0.373969504285224	0.34088790363227
129	0.73001269796778	0.700226267077419
130	-0.228454158648624	-0.200842650216787
131	-0.776218423856206	-0.740394797120776
132	0.073595208660648	0.0527636907926315
133	0.791529610890742	0.750947535279302
134	0.0844439484844207	0.0974258162632289
135	-0.775286715670497	-0.731462372026657
136	-0.239363324937623	-0.24371829066856
137	0.728088010983791	0.682718713892944
138	0.384977466043657	0.380262033447149
139	-0.651767700372715	-0.606666307203515
140	-0.515462400727236	-0.501595294887852
141	0.549324690515701	0.506347248225944
142	0.625588559707925	0.602864744533041
143	-0.424804785285993	-0.385774299319336
144	-0.710930347109114	-0.680019604396908
145	0.283140927951519	0.249770378439955
146	0.768043967760982	0.729973680084899
147	-0.129957798951641	-0.103775642422975
148	-0.794606365704472	-0.750728808569494
149	-0.0286514913302113	-0.0463701192909239
150	0.789509669616697	0.741454784711309
151	0.186367749903686	0.194661076233186
152	-0.752907307103378	-0.702522569464672
153	-0.336897450141256	-0.33516559012612
154	0.68620987193312	0.635489451439448
155	0.474223853629817	0.46226348041401
156	-0.592030829883689	-0.543036755356646
157	-0.59284748536354	-0.570870831485339
158	0.474084150203244	0.428862589059578
159	0.688006351693375	0.656643349297254
160	-0.337037870915669	-0.297533919200128
161	-0.755867083465327	-0.71615013313728
162	0.186329370544883	0.154303892572672
163	0.793679332824891	0.747010911651814
164	-0.0279496556620513	-0.00490171024230873
165	-0.799887206073673	-0.747991253700276
166	-0.131794778698796	-0.144696540497746
167	0.774193219217554	0.719051945600727
168	0.286533050487729	0.288506929617892
169	-0.717572149847006	-0.661350559677148
170	-0.430083956642989	-0.420777041553321
171	0.632234153745028	0.577195151366484
172	0.556702872315797	0.536216071826618
173	-0.521538537715468	-0.469951937001161
174	-0.661311621928921	-0.63020645922685
175	0.389861550897121	0.34391064515579
176	0.73970212447875	0.698988588258008
177	-0.24242339656994	-0.204112927504189
178	-0.788705647273272	-0.739811173758846
179	0.085081301565886	0.0561506927524196
180	0.806320861483876	0.75104131230933
181	0.0759031546873282	0.0940575697094464
182	-0.791795525768353	-0.732229798367441
183	-0.234113209615363	-0.240503529382935
184	0.745658466083388	0.684129092490854
185	0.383232670786149	0.377329347881105
186	-0.669700497495172	-0.608663222914633
187	-0.517298060092944	-0.499061992464032
188	0.566904968630379	0.508850824421827
189	0.630937083804155	0.600832157348397
190	-0.441330620296615	-0.388684392952147
191	-0.719583893118509	-0.678569035938827
192	0.297951356479188	0.252970585764382
193	0.779662510780028	0.729163153091703
194	-0.142459252158037	-0.107137955146041
195	-0.808731055732947	-0.750590744120911
196	-0.0189614009679903	-0.0429801936781408
197	0.805580950151393	0.741994705385283
198	0.179880042017057	0.191379134755197
199	-0.770287079997485	-0.703718878434244
200	-0.333876001115179	-0.332122910442046
201	0.70420683062851	0.637294296345834
202	0.474794668783241	0.459581769711213
203	-0.609927955336682	-0.545377942403592
204	-0.596993454610301	-0.568657358191931
205	0.491167275958042	0.431646470765206
206	0.695567706551324	0.654986652344972
207	-0.352624179402019	-0.300649140296211
208	-0.766547546168585	-0.715116480404214
209	0.199794683626549	0.157625844215368
210	0.807057721192065	0.746641649247288
211	-0.0387534287740058	-0.0082975143659107
212	-0.815434039753902	-0.74830115212047
213	-0.124087759590082	-0.141362716058183
214	0.791291672689139	0.720028608908834
215	0.282235139902617	0.28536843783995
216	-0.735542523096945	-0.662954921340844
217	-0.42937199447776	-0.417959422108119
218	0.650360889912355	0.57936303691922
219	0.559610915163407	0.533832029491963
220	-0.539098713839519	-0.472596631020827
221	-0.667729359307652	-0.628351355696128
222	0.406153707449254	0.346926359881602
223	0.749379052115032	0.697736627672449
224	-0.256795556143343	-0.207379034347112
225	-0.801260840019977	-0.739212434541871
226	0.0969570576345496	0.059536547438738
227	0.821257964808743	0.751119744029619
228	0.0670015227985244	0.0906874013671857
229	-0.808522375950705	-0.732982263756181
230	-0.228545522413149	-0.237283854118422
231	0.763510563664312	0.685525492932497
232	0.381226307651463	0.374388952704921
233	-0.687967403577686	-0.610647702391513
234	-0.518938679164667	-0.496518493183224
235	0.584858575551833	0.511344003754868
236	0.636164981228861	0.598787293934197
237	-0.458254171764374	-0.391586544968029
238	-0.728196155804279	-0.677104602927803
239	0.313168060587411	0.256165624382468
240	0.791320885902463	0.728337727804297
241	-0.155359345122272	-0.110498078821609
242	-0.822975232049616	-0.750437343568618
243	-0.00889622251324335	-0.0395893898921149
244	0.821846729795217	0.742519465590195
245	0.173055799036872	0.188093283010154
246	-0.787928723491167	-0.704900808988165
247	-0.330570056896695	-0.329073444807787
248	0.722522690240086	0.639086120026607
249	0.475144460666408	0.456890668813108
250	-0.628188379312377	-0.547707986263986
251	-0.600990790326988	-0.566432266065905
252	0.508643673967707	0.434421533050805
253	0.703058861493189	0.653316572676066
254	-0.368618091456372	-0.303758218515591
255	-0.777239166847527	-0.714068216379184
256	0.213665692761949	0.160944575239755
257	0.820528308526247	0.746257131427135
258	-0.0499448021004721	-0.0116931489543275
259	-0.831150562847345	-0.748595761218001
260	-0.116026728012796	-0.138026003289273
261	0.808630658382622	0.720990560560146
262	0.27763098093311	0.282224115401302
263	-0.75381478697413	-0.664545737479886
264	-0.428413841140661	-0.415133262897279
265	0.668838927853372	0.58151908490043
266	0.562342740564931	0.531437079877365
267	-0.557045665524966	-0.475231668924957
268	-0.674047993496746	-0.626483413662356
269	0.422852738788278	0.349934986192486
270	0.759038066117494	0.696470410900854
271	-0.271578489068869	-0.210640904012315
272	-0.81388015134004	-0.738598591703317
273	0.109231103888319	0.0629211856716519
274	0.836338790203961	0.751182828837647
275	0.0577299934291045	0.0873153800958775
276	-0.825466943365678	-0.733719752818472
277	-0.222651132319258	-0.234059330659572
278	0.78164580441418	0.686907886686557
279	0.378949538175536	0.371440907996883
280	-0.70657168585171	-0.612619705087181
281	-0.520376065099294	-0.493964849014319
282	0.60319041749326	0.513826735284317
283	0.64126503263258	0.596730196071183
284	-0.475581791733557	-0.39448069607008
285	-0.736761178862451	-0.675626335285199
286	0.328798587014748	0.259355429013041
287	0.803014639488641	0.727497421087807
288	-0.168666520081933	-0.113855944795479
289	-0.837336123726663	-0.750268610046903
290	0.00155304637765952	-0.0361977772139013
291	0.838306033531404	0.743029054604122
292	0.16588581678067	0.184803588134726
293	-0.805833100208182	-0.706068336977177
